Multiple size <= 100
TEST 1 ARG:29 80 63 54 24 77 35 43 2 31 34 92 12 42 79 83 72 39 6 62 26 91 66 70 37 85 56 76 87 22 81 23 13 25 60 27 17 96 0 41 93 59 11 40 78 49 69 30 65 99 1 68 9 32 61 48 71 97 46 38 21 55 19 82 33 45 51 58 18 88 3 36 73 74 67 10 84 44 95 75 53 7 86 8 5 15 94 4 50 64 16 57 47 28 90 14 89 52 98 20
TEST 1 ARG:29 80 63 54 24 77 35 43 2 31 34 92 12 42 79 83 72 39 6 62 26 91 66 70 37 85 56 76 87 22 81 23 13 25 60 27 17 96 0 41 93 59 11 40 78 49 69 30 65 99 1 68 9 32 61 48 71 97 46 38 21 55 19 82 33 45 51 58 18 88 3 36 73 74 67 10 84 44 95 75 53 7 86 8 5 15 94 4 50 64 16 57 47 28 90 14 89 52 98 20
TEST 2 ARG:4 99 1 83 36 63 93 61 43 9 88 40 25 28 97 3 98 14 11 73 91 80 54 87 94 29 85 57 5 76 70 75 23 42 35 48 44 46 47 7 0 8 31 34 33 59 49 52 92 60 66 12 13 19 26 50 10 15 21 41 18 78 77 82 89 53 74 6 39 81 38 96 2 71 95 86 84 90 62 55 20 27 24 17 32 56 79 16 69 68 72 22 64 45 51 65 67 58 30 37
TEST 2 ARG:4 99 1 83 36 63 93 61 43 9 88 40 25 28 97 3 98 14 11 73 91 80 54 87 94 29 85 57 5 76 70 75 23 42 35 48 44 46 47 7 0 8 31 34 33 59 49 52 92 60 66 12 13 19 26 50 10 15 21 41 18 78 77 82 89 53 74 6 39 81 38 96 2 71 95 86 84 90 62 55 20 27 24 17 32 56 79 16 69 68 72 22 64 45 51 65 67 58 30 37
TEST 3 ARG:8 87 66 10 29 48 51 41 0 69 16 40 21 9 65 34 4 18 71 30 63 64 39 5 7 36 47 78 99 62 19 68 85 44 70 14 67 54 79 53 77 72 56 59 11 86 74 92 94 52 91 20 58 27 82 17 35 97 80 57 43 83 23 22 60 88 55 33 37 26 42 31 98 45 96 38 25 32 84 15 73 95 2 81 90 1 46 28 6 24 89 75 49 12 3 13 61 76 50 93
TEST 3 ARG:8 87 66 10 29 48 51 41 0 69 16 40 21 9 65 34 4 18 71 30 63 64 39 5 7 36 47 78 99 62 19 68 85 44 70 14 67 54 79 53 77 72 56 59 11 86 74 92 94 52 91 20 58 27 82 17 35 97 80 57 43 83 23 22 60 88 55 33 37 26 42 31 98 45 96 38 25 32 84 15 73 95 2 81 90 1 46 28 6 24 89 75 49 12 3 13 61 76 50 93
TEST 4 ARG:12 86 39 25 68 51 28 72 16 90 80 89 98 81 75 19 37 56 32 29 96 0 74 10 88 24 59 43 82 8 13 57 77 27 73 36 65 22 97 55 6 64 35 99 69 95 92 66 70 78 44 53 3 87 42 11 76 33 63 15 61 1 34 9 60 46 62 84 2 52 30 49 54 85 94 83 93 38 58 7 21 50 31 48 4 20 91 18 23 67 17 45 26 41 47 71 40 5 14 79
TEST 4 ARG:12 86 39 25 68 51 28 72 16 90 80 89 98 81 75 19 37 56 32 29 96 0 74 10 88 24 59 43 82 8 13 57 77 27 73 36 65 22 97 55 6 64 35 99 69 95 92 66 70 78 44 53 3 87 42 11 76 33 63 15 61 1 34 9 60 46 62 84 2 52 30 49 54 85 94 83 93 38 58 7 21 50 31 48 4 20 91 18 23 67 17 45 26 41 47 71 40 5 14 79
TEST 5 ARG:23 54 62 95 97 56 33 28 92 26 74 70 91 82 52 76 43 99 72 67 16 61 22 6 77 4 0 94 36 81 83 5 73 96 30 75 49 3 58 78 68 46 63 66 7 10 41 69 57 24 45 90 9 13 42 18 60 14 51 40 86 80 1 34 59 64 50 89 53 85 21 35 47 11 39 79 71 15 88 38 31 8 48 55 87 12 93 29 37 84 27 2 20 65 44 19 25 17 32 98
TEST 5 ARG:23 54 62 95 97 56 33 28 92 26 74 70 91 82 52 76 43 99 72 67 16 61 22 6 77 4 0 94 36 81 83 5 73 96 30 75 49 3 58 78 68 46 63 66 7 10 41 69 57 24 45 90 9 13 42 18 60 14 51 40 86 80 1 34 59 64 50 89 53 85 21 35 47 11 39 79 71 15 88 38 31 8 48 55 87 12 93 29 37 84 27 2 20 65 44 19 25 17 32 98
TEST 6 ARG:84 3 40 55 17 94 20 53 12 87 60 38 71 59 42 50 97 44 85 15 90 7 80 57 8 45 47 16 49 2 66 96 92 28 79 95 43 1 61 24 26 99 86 0 67 31 46 13 98 34 11 77 88 14 35 41 23 21 54 5 64 22 82 68 39 51 58 19 78 10 93 62 74 33 52 75 63 9 76 27 25 69 4 37 36 65 70 30 56 18 73 32 29 83 48 89 6 81 72 91
TEST 6 ARG:84 3 40 55 17 94 20 53 12 87 60 38 71 59 42 50 97 44 85 15 90 7 80 57 8 45 47 16 49 2 66 96 92 28 79 95 43 1 61 24 26 99 86 0 67 31 46 13 98 34 11 77 88 14 35 41 23 21 54 5 64 22 82 68 39 51 58 19 78 10 93 62 74 33 52 75 63 9 76 27 25 69 4 37 36 65 70 30 56 18 73 32 29 83 48 89 6 81 72 91
TEST 7 ARG:30 77 15 35 23 13 28 22 41 90 58 25 59 16 87 50 45 29 31 44 82 98 4 26 64 97 70 51 92 34 8 47 7 72 24 55 39 63 56 94 85 65 86 18 61 67 37 27 57 0 3 10 99 53 83 43 96 14 95 62 89 1 20 40 76 48 54 71 49 74 66 11 6 78 21 36 38 60 88 32 73 75 93 79 33 52 46 69 91 9 2 81 12 5 80 17 19 84 42 68
TEST 7 ARG:30 77 15 35 23 13 28 22 41 90 58 25 59 16 87 50 45 29 31 44 82 98 4 26 64 97 70 51 92 34 8 47 7 72 24 55 39 63 56 94 85 65 86 18 61 67 37 27 57 0 3 10 99 53 83 43 96 14 95 62 89 1 20 40 76 48 54 71 49 74 66 11 6 78 21 36 38 60 88 32 73 75 93 79 33 52 46 69 91 9 2 81 12 5 80 17 19 84 42 68
TEST 8 ARG:72 59 37 15 43 7 40 77 60 30 97 58 55 70 12 19 16 62 61 45 50 47 88 36 29 42 32 23 2 33 35 81 65 90 68 73 14 1 96 94 99 27 82 10 71 44 20 56 21 18 22 85 53 95 28 57 3 9 54 84 26 66 25 76 86 51 39 67 24 5 38 93 0 91 87 41 48 31 64 74 6 92 63 79 78 69 75 46 49 80 8 17 13 11 89 83 52 98 34 4
TEST 8 ARG:72 59 37 15 43 7 40 77 60 30 97 58 55 70 12 19 16 62 61 45 50 47 88 36 29 42 32 23 2 33 35 81 65 90 68 73 14 1 96 94 99 27 82 10 71 44 20 56 21 18 22 85 53 95 28 57 3 9 54 84 26 66 25 76 86 51 39 67 24 5 38 93 0 91 87 41 48 31 64 74 6 92 63 79 78 69 75 46 49 80 8 17 13 11 89 83 52 98 34 4
TEST 9 ARG:26 95 16 93 5 90 43 44 76 55 13 46 87 58 64 80 14 27 77 31 68 7 67 25 92 96 4 0 29 53 42 52 65 32 47 50 12 62 37 66 91 78 99 18 34 41 82 39 63 60 86 84 54 49 73 57 98 15 3 19 11 6 83 51 79 40 69 1 36 88 56 35 17 48 72 59 85 81 94 75 20 38 23 74 89 22 24 61 71 30 10 9 33 28 45 97 8 2 21 70
TEST 9 ARG:26 95 16 93 5 90 43 44 76 55 13 46 87 58 64 80 14 27 77 31 68 7 67 25 92 96 4 0 29 53 42 52 65 32 47 50 12 62 37 66 91 78 99 18 34 41 82 39 63 60 86 84 54 49 73 57 98 15 3 19 11 6 83 51 79 40 69 1 36 88 56 35 17 48 72 59 85 81 94 75 20 38 23 74 89 22 24 61 71 30 10 9 33 28 45 97 8 2 21 70
TEST 10 ARG:16 96 72 12 75 39 57 84 21 26 68 15 25 64 34 53 49 23 31 20 63 7 46 80 29 42 55 98 35 45 48 52 92 79 50 8 24 62 32 6 14 40 66 47 28 73 74 83 1 37 94 97 89 67 61 58 5 82 88 17 71 69 4 77 27 38 11 90 33 59 91 54 44 0 81 41 51 60 93 65 36 99 3 43 70 85 13 9 78 76 2 56 30 87 22 19 86 95 18 10
TEST 10 ARG:16 96 72 12 75 39 57 84 21 26 68 15 25 64 34 53 49 23 31 20 63 7 46 80 29 42 55 98 35 45 48 52 92 79 50 8 24 62 32 6 14 40 66 47 28 73 74 83 1 37 94 97 89 67 61 58 5 82 88 17 71 69 4 77 27 38 11 90 33 59 91 54 44 0 81 41 51 60 93 65 36 99 3 43 70 85 13 9 78 76 2 56 30 87 22 19 86 95 18 10
TEST 11 ARG:1 96 69 63 72 35 79 17 92 58 98 34 6 45 91 42 26 54 85 8 49 41 68 51 23 39 52 55 9 53 22 18 31 27 60 36 64 10 95 24 83 61 28 47 14 71 16 76 94 74 88 67 90 97 89 86 78 99 32 11 0 48 93 38 81 25 77 75 20 2 65 12 15 4 7 80 44 62 56 13 73 29 19 82 66 21 40 33 43 84 70 5 59 46 87 57 3 37 30 50
TEST 11 ARG:1 96 69 63 72 35 79 17 92 58 98 34 6 45 91 42 26 54 85 8 49 41 68 51 23 39 52 55 9 53 22 18 31 27 60 36 64 10 95 24 83 61 28 47 14 71 16 76 94 74 88 67 90 97 89 86 78 99 32 11 0 48 93 38 81 25 77 75 20 2 65 12 15 4 7 80 44 62 56 13 73 29 19 82 66 21 40 33 43 84 70 5 59 46 87 57 3 37 30 50
TEST 12 ARG:29 66 50 6 89 11 70 75 99 94 54 41 17 28 93 37 43 59 53 95 19 74 48 78 65 87 9 55 76 56 52 23 36 18 12 40 34 67 83 96 63 49 42 77 79 30 73 81 10 22 16 84 61 86 20 72 13 90 32 47 98 91 38 33 2 14 58 80 24 88 60 4 39 45 26 85 51 71 62 21 31 82 15 25 46 3 8 44 27 97 68 35 1 7 5 69 64 0 92 57
TEST 12 ARG:29 66 50 6 89 11 70 75 99 94 54 41 17 28 93 37 43 59 53 95 19 74 48 78 65 87 9 55 76 56 52 23 36 18 12 40 34 67 83 96 63 49 42 77 79 30 73 81 10 22 16 84 61 86 20 72 13 90 32 47 98 91 38 33 2 14 58 80 24 88 60 4 39 45 26 85 51 71 62 21 31 82 15 25 46 3 8 44 27 97 68 35 1 7 5 69 64 0 92 57
TEST 13 ARG:74 9 80 14 18 4 88 58 52 40 33 87 5 11 37 84 7 12 46 42 89 93 15 23 56 13 50 73 66 64 35 70 43 68 82 94 16 83 57 92 38 67 62 3 34 32 79 24 77 95 19 8 28 53 20 72 1 44 96 91 90 54 51 81 26 71 39 61 17 98 97 6 27 2 21 85 60 47 10 63 30 59 86 22 31 25 0 55 78 29 48 75 41 36 99 69 45 49 76 65
TEST 13 ARG:74 9 80 14 18 4 88 58 52 40 33 87 5 11 37 84 7 12 46 42 89 93 15 23 56 13 50 73 66 64 35 70 43 68 82 94 16 83 57 92 38 67 62 3 34 32 79 24 77 95 19 8 28 53 20 72 1 44 96 91 90 54 51 81 26 71 39 61 17 98 97 6 27 2 21 85 60 47 10 63 30 59 86 22 31 25 0 55 78 29 48 75 41 36 99 69 45 49 76 65
TEST 14 ARG:86 0 84 65 9 31 6 20 96 43 61 97 88 2 45 24 37 5 82 8 42 81 94 32 19 62 35 7 70 10 30 95 91 36 56 49 23 25 16 48 22 39 50 87 60 58 93 29 46 13 51 44 59 12 14 77 17 57 74 98 15 11 68 38 92 75 69 79 33 71 78 21 63 76 52 85 18 64 26 54 40 67 4 34 28 83 99 53 55 66 89 27 41 80 3 72 90 73 47 1
TEST 14 ARG:86 0 84 65 9 31 6 20 96 43 61 97 88 2 45 24 37 5 82 8 42 81 94 32 19 62 35 7 70 10 30 95 91 36 56 49 23 25 16 48 22 39 50 87 60 58 93 29 46 13 51 44 59 12 14 77 17 57 74 98 15 11 68 38 92 75 69 79 33 71 78 21 63 76 52 85 18 64 26 54 40 67 4 34 28 83 99 53 55 66 89 27 41 80 3 72 90 73 47 1
TEST 15 ARG:52 13 46 14 19 87 62 8 29 39 0 73 75 27 10 12 7 88 41 58 65 90 53 97 72 31 89 36 92 57 83 61 15 30 22 32 5 95 84 64 1 82 86 94 54 55 77 81 48 33 76 28 74 85 35 43 17 20 68 18 99 79 47 25 71 45 69 49 23 67 50 98 44 91 93 40 63 78 16 70 59 60 66 80 11 6 42 9 2 21 37 26 51 3 96 24 56 38 4 34
TEST 15 ARG:52 13 46 14 19 87 62 8 29 39 0 73 75 27 10 12 7 88 41 58 65 90 53 97 72 31 89 36 92 57 83 61 15 30 22 32 5 95 84 64 1 82 86 94 54 55 77 81 48 33 76 28 74 85 35 43 17 20 68 18 99 79 47 25 71 45 69 49 23 67 50 98 44 91 93 40 63 78 16 70 59 60 66 80 11 6 42 9 2 21 37 26 51 3 96 24 56 38 4 34
TEST 16 ARG:82 36 35 23 86 20 62 55 5 47 19 41 21 51 63 93 34 54 52 31 56 24 27 75 78 44 50 98 3 96 73 4 22 46 67 38 33 6 7 99 0 89 84 13 16 18 72 49 10 94 81 74 60 59 97 61 71 91 90 42 43 17 53 2 83 8 58 88 28 37 69 40 65 29 77 76 95 11 79 15 1 12 70 80 87 66 26 64 30 9 92 57 68 25 39 32 14 48 85 45
TEST 16 ARG:82 36 35 23 86 20 62 55 5 47 19 41 21 51 63 93 34 54 52 31 56 24 27 75 78 44 50 98 3 96 73 4 22 46 67 38 33 6 7 99 0 89 84 13 16 18 72 49 10 94 81 74 60 59 97 61 71 91 90 42 43 17 53 2 83 8 58 88 28 37 69 40 65 29 77 76 95 11 79 15 1 12 70 80 87 66 26 64 30 9 92 57 68 25 39 32 14 48 85 45
TEST 17 ARG:10 95 6 16 36 3 62 56 98 89 14 19 23 84 21 67 92 60 7 5 65 31 70 1 90 68 76 93 42 30 52 69 77 59 57 48 73 71 66 46 80 85 55 34 35 82 12 79 37 11 4 44 17 74 38 50 91 49 99 15 29 96 25 40 97 27 8 72 18 28 2 81 64 22 94 75 20 78 54 83 61 33 9 26 41 13 51 43 53 24 88 87 45 47 63 32 39 58 0 86
TEST 17 ARG:10 95 6 16 36 3 62 56 98 89 14 19 23 84 21 67 92 60 7 5 65 31 70 1 90 68 76 93 42 30 52 69 77 59 57 48 73 71 66 46 80 85 55 34 35 82 12 79 37 11 4 44 17 74 38 50 91 49 99 15 29 96 25 40 97 27 8 72 18 28 2 81 64 22 94 75 20 78 54 83 61 33 9 26 41 13 51 43 53 24 88 87 45 47 63 32 39 58 0 86
TEST 18 ARG:58 46 42 17 27 22 29 1 55 0 90 72 85 67 49 64 18 83 93 2 69 33 35 40 12 25 59 32 36 75 56 4 37 11 3 95 82 91 62 20 70 47 57 19 87 94 51 24 66 10 68 23 43 80 63 30 73 34 53 86 21 9 98 60 97 38 74 71 52 48 13 14 54 89 26 96 31 45 81 5 92 99 79 65 88 6 41 78 16 50 8 28 76 7 39 77 84 61 15 44
TEST 18 ARG:58 46 42 17 27 22 29 1 55 0 90 72 85 67 49 64 18 83 93 2 69 33 35 40 12 25 59 32 36 75 56 4 37 11 3 95 82 91 62 20 70 47 57 19 87 94 51 24 66 10 68 23 43 80 63 30 73 34 53 86 21 9 98 60 97 38 74 71 52 48 13 14 54 89 26 96 31 45 81 5 92 99 79 65 88 6 41 78 16 50 8 28 76 7 39 77 84 61 15 44
TEST 19 ARG:94 42 47 13 93 85 99 56 64 81 74 33 52 53 87 59 14 97 10 7 88 12 43 77 17 90 3 83 24 15 27 91 57 98 30 82 22 38 36 41 54 34 95 51 18 28 11 76 16 37 35 49 26 23 46 67 29 70 40 79 78 66 89 84 48 69 65 21 58 63 32 2 75 44 6 9 4 61 62 60 71 80 45 19 0 39 68 8 92 86 1 5 72 50 73 55 25 31 20 96
TEST 19 ARG:94 42 47 13 93 85 99 56 64 81 74 33 52 53 87 59 14 97 10 7 88 12 43 77 17 90 3 83 24 15 27 91 57 98 30 82 22 38 36 41 54 34 95 51 18 28 11 76 16 37 35 49 26 23 46 67 29 70 40 79 78 66 89 84 48 69 65 21 58 63 32 2 75 44 6 9 4 61 62 60 71 80 45 19 0 39 68 8 92 86 1 5 72 50 73 55 25 31 20 96
TEST 20 ARG:92 36 31 28 70 96 57 60 55 45 99 71 84 1 69 68 41 35 21 93 0 38 66 95 25 22 98 12 46 72 97 26 82 76 83 32 62 33 42 79 59 27 75 5 88 18 51 80 29 77 19 58 3 87 53 61 63 52 17 67 91 34 85 23 73 10 47 11 37 40 74 56 81 16 65 15 44 24 9 86 78 39 14 54 49 4 6 7 2 48 94 89 30 13 43 50 64 20 90 8
TEST 20 ARG:92 36 31 28 70 96 57 60 55 45 99 71 84 1 69 68 41 35 21 93 0 38 66 95 25 22 98 12 46 72 97 26 82 76 83 32 62 33 42 79 59 27 75 5 88 18 51 80 29 77 19 58 3 87 53 61 63 52 17 67 91 34 85 23 73 10 47 11 37 40 74 56 81 16 65 15 44 24 9 86 78 39 14 54 49 4 6 7 2 48 94 89 30 13 43 50 64 20 90 8
TEST 21 ARG:89 51 14 9 52 6 3 71 73 99 46 36 31 43 24 91 80 70 28 82 54 57 47 10 88 85 19 87 58 86 32 59 5 90 72 95 29 53 64 40 41 75 62 49 55 26 77 69 34 2 76 81 68 63 20 45 22 61 56 74 16 65 17 48 30 21 44 23 39 8 66 0 42 18 78 93 92 83 37 67 13 97 27 98 96 84 4 60 12 11 33 94 35 7 25 50 79 15 1 38
TEST 21 ARG:89 51 14 9 52 6 3 71 73 99 46 36 31 43 24 91 80 70 28 82 54 57 47 10 88 85 19 87 58 86 32 59 5 90 72 95 29 53 64 40 41 75 62 49 55 26 77 69 34 2 76 81 68 63 20 45 22 61 56 74 16 65 17 48 30 21 44 23 39 8 66 0 42 18 78 93 92 83 37 67 13 97 27 98 96 84 4 60 12 11 33 94 35 7 25 50 79 15 1 38
TEST 22 ARG:62 52 15 5 98 48 20 59 42 94 56 90 96 80 89 44 14 81 78 35 0 91 8 86 3 31 82 76 73 24 70 2 63 93 43 84 32 97 60 29 95 64 83 26 66 53 25 85 11 12 57 34 36 28 33 65 9 58 30 38 54 72 68 87 6 37 55 88 1 18 51 7 10 17 69 27 61 40 79 46 41 45 49 39 23 67 21 77 13 50 74 71 19 4 99 22 16 75 92 47
TEST 22 ARG:62 52 15 5 98 48 20 59 42 94 56 90 96 80 89 44 14 81 78 35 0 91 8 86 3 31 82 76 73 24 70 2 63 93 43 84 32 97 60 29 95 64 83 26 66 53 25 85 11 12 57 34 36 28 33 65 9 58 30 38 54 72 68 87 6 37 55 88 1 18 51 7 10 17 69 27 61 40 79 46 41 45 49 39 23 67 21 77 13 50 74 71 19 4 99 22 16 75 92 47
TEST 23 ARG:24 31 40 85 58 59 88 50 18 51 5 41 64 7 34 74 82 15 47 87 26 54 9 79 49 93 99 76 66 90 16 37 0 73 4 95 53 68 48 81 78 97 6 1 45 36 63 25 44 62 96 94 77 65 75 61 8 83 21 19 46 30 17 89 2 52 33 28 57 20 67 56 23 72 92 35 12 84 22 32 71 80 55 86 11 3 14 10 70 27 43 91 38 42 29 39 13 98 69 60
TEST 23 ARG:24 31 40 85 58 59 88 50 18 51 5 41 64 7 34 74 82 15 47 87 26 54 9 79 49 93 99 76 66 90 16 37 0 73 4 95 53 68 48 81 78 97 6 1 45 36 63 25 44 62 96 94 77 65 75 61 8 83 21 19 46 30 17 89 2 52 33 28 57 20 67 56 23 72 92 35 12 84 22 32 71 80 55 86 11 3 14 10 70 27 43 91 38 42 29 39 13 98 69 60
TEST 24 ARG:64 78 70 55 7 57 51 2 36 31 62 90 24 76 28 6 49 19 81 97 22 17 34 74 47 59 63 65 29 83 33 48 40 32 91 8 52 87 56 46 66 95 54 1 75 42 45 86 27 85 92 3 68 25 98 38 14 94 67 41 71 69 79 50 0 13 15 77 99 44 88 93 61 21 80 72 39 58 12 53 37 60 89 20 11 30 43 26 84 96 35 16 9 73 5 18 82 4 23 10
TEST 24 ARG:64 78 70 55 7 57 51 2 36 31 62 90 24 76 28 6 49 19 81 97 22 17 34 74 47 59 63 65 29 83 33 48 40 32 91 8 52 87 56 46 66 95 54 1 75 42 45 86 27 85 92 3 68 25 98 38 14 94 67 41 71 69 79 50 0 13 15 77 99 44 88 93 61 21 80 72 39 58 12 53 37 60 89 20 11 30 43 26 84 96 35 16 9 73 5 18 82 4 23 10
TEST 25 ARG:65 20 99 95 60 82 23 53 21 48 98 69 94 0 11 24 35 64 83 93 44 73 79 17 63 97 61 9 42 81 45 59 38 46 67 26 57 18 30 3 16 7 92 5 86 47 78 37 55 6 51 4 39 50 27 84 22 40 89 41 91 34 90 85 31 28 77 54 80 68 75 29 15 71 58 43 76 32 19 25 66 8 56 14 70 62 72 88 2 96 36 87 10 52 1 13 74 49 12 33
TEST 25 ARG:65 20 99 95 60 82 23 53 21 48 98 69 94 0 11 24 35 64 83 93 44 73 79 17 63 97 61 9 42 81 45 59 38 46 67 26 57 18 30 3 16 7 92 5 86 47 78 37 55 6 51 4 39 50 27 84 22 40 89 41 91 34 90 85 31 28 77 54 80 68 75 29 15 71 58 43 76 32 19 25 66 8 56 14 70 62 72 88 2 96 36 87 10 52 1 13 74 49 12 33
TEST 26 ARG:66 19 26 60 75 64 8 28 77 45 52 55 22 14 84 0 56 30 35 89 24 69 11 37 50 6 86 96 74 12 4 97 40 16 25 80 36 87 20 94 68 15 17 23 92 44 33 98 34 83 57 5 95 65 73 13 31 18 78 88 38 47 54 51 1 67 72 85 81 3 29 70 91 39 99 63 76 90 27 2 82 59 21 79 49 41 62 46 58 42 7 43 32 48 53 93 61 71 10 9
TEST 26 ARG:66 19 26 60 75 64 8 28 77 45 52 55 22 14 84 0 56 30 35 89 24 69 11 37 50 6 86 96 74 12 4 97 40 16 25 80 36 87 20 94 68 15 17 23 92 44 33 98 34 83 57 5 95 65 73 13 31 18 78 88 38 47 54 51 1 67 72 85 81 3 29 70 91 39 99 63 76 90 27 2 82 59 21 79 49 41 62 46 58 42 7 43 32 48 53 93 61 71 10 9
TEST 27 ARG:7 94 80 10 53 74 44 59 41 5 8 33 19 62 92 3 54 76 85 78 75 99 88 63 49 2 95 32 22 68 97 84 98 66 30 60 87 91 20 24 23 46 6 51 9 38 73 43 42 52 4 55 12 28 65 86 67 82 71 29 69 25 16 17 37 15 96 13 18 26 50 77 70 58 34 27 89 47 45 56 48 14 79 81 90 21 83 1 11 0 40 57 35 72 93 36 61 64 31 39
TEST 27 ARG:7 94 80 10 53 74 44 59 41 5 8 33 19 62 92 3 54 76 85 78 75 99 88 63 49 2 95 32 22 68 97 84 98 66 30 60 87 91 20 24 23 46 6 51 9 38 73 43 42 52 4 55 12 28 65 86 67 82 71 29 69 25 16 17 37 15 96 13 18 26 50 77 70 58 34 27 89 47 45 56 48 14 79 81 90 21 83 1 11 0 40 57 35 72 93 36 61 64 31 39
TEST 28 ARG:92 50 23 19 87 52 27 77 35 71 4 75 80 58 8 81 39 69 94 53 48 9 98 95 34 10 68 86 42 20 30 47 46 21 61 29 43 32 25 55 99 40 14 57 89 51 15 59 41 93 66 79 54 82 0 73 49 1 44 37 45 28 74 6 13 96 72 24 18 2 5 65 88 84 83 33 12 78 62 38 36 63 17 31 26 91 76 3 56 11 22 85 16 64 7 90 97 67 60 70
TEST 28 ARG:92 50 23 19 87 52 27 77 35 71 4 75 80 58 8 81 39 69 94 53 48 9 98 95 34 10 68 86 42 20 30 47 46 21 61 29 43 32 25 55 99 40 14 57 89 51 15 59 41 93 66 79 54 82 0 73 49 1 44 37 45 28 74 6 13 96 72 24 18 2 5 65 88 84 83 33 12 78 62 38 36 63 17 31 26 91 76 3 56 11 22 85 16 64 7 90 97 67 60 70
TEST 29 ARG:23 48 87 96 61 37 2 60 71 89 67 95 72 66 64 83 59 76 26 18 8 93 5 81 25 36 69 14 41 16 12 6 39 15 82 62 19 99 3 43 20 91 31 86 84 29 22 33 70 7 4 49 52 0 38 30 40 10 53 98 28 13 68 65 92 21 17 74 94 78 97 27 79 56 63 42 44 32 80 54 11 51 88 55 46 45 57 34 75 77 9 58 1 50 90 47 85 73 35 24
TEST 29 ARG:23 48 87 96 61 37 2 60 71 89 67 95 72 66 64 83 59 76 26 18 8 93 5 81 25 36 69 14 41 16 12 6 39 15 82 62 19 99 3 43 20 91 31 86 84 29 22 33 70 7 4 49 52 0 38 30 40 10 53 98 28 13 68 65 92 21 17 74 94 78 97 27 79 56 63 42 44 32 80 54 11 51 88 55 46 45 57 34 75 77 9 58 1 50 90 47 85 73 35 24
TEST 30 ARG:7 80 26 85 18 82 58 89 23 93 2 16 70 99 76 42 17 1 50 15 22 27 83 12 34 39 10 41 64 49 44 78 11 74 65 67 51 45 90 62 35 40 33 55 25 9 60 53 75 59 21 66 92 91 14 97 46 47 54 48 96 95 19 94 61 6 77 72 30 68 32 73 71 20 3 69 37 5 43 79 98 31 52 81 36 29 56 28 4 88 0 63 86 13 38 84 24 87 57 8
TEST 30 ARG:7 80 26 85 18 82 58 89 23 93 2 16 70 99 76 42 17 1 50 15 22 27 83 12 34 39 10 41 64 49 44 78 11 74 65 67 51 45 90 62 35 40 33 55 25 9 60 53 75 59 21 66 92 91 14 97 46 47 54 48 96 95 19 94 61 6 77 72 30 68 32 73 71 20 3 69 37 5 43 79 98 31 52 81 36 29 56 28 4 88 0 63 86 13 38 84 24 87 57 8
TEST 31 ARG:60 80 17 48 51 27 22 41 38 54 99 93 72 7 71 91 2 67 76 62 84 57 44 82 19 55 28 14 63 94 49 5 97 45 75 37 36 42 20 21 61 96 1 70 39 86 47 4 79 31 92 12 78 64 0 59 77 83 26 73 25 32 13 74 68 56 11 40 43 53 3 15 81 69 8 6 46 34 16 35 9 87 24 88 50 18 29 89 90 95 85 30 10 98 33 65 52 58 66 23
TEST 31 ARG:60 80 17 48 51 27 22 41 38 54 99 93 72 7 71 91 2 67 76 62 84 57 44 82 19 55 28 14 63 94 49 5 97 45 75 37 36 42 20 21 61 96 1 70 39 86 47 4 79 31 92 12 78 64 0 59 77 83 26 73 25 32 13 74 68 56 11 40 43 53 3 15 81 69 8 6 46 34 16 35 9 87 24 88 50 18 29 89 90 95 85 30 10 98 33 65 52 58 66 23
TEST 32 ARG:68 22 58 55 49 76 29 10 0 91 34 19 74 77 38 62 36 67 85 69 81 37 11 4 2 25 24 43 48 97 41 3 44 89 54 65 14 73 16 95 71 42 80 39 92 75 84 96 47 30 27 35 61 83 45 20 1 59 26 79 5 6 53 8 63 52 17 90 50 51 94 12 46 82 66 70 23 86 28 18 88 60 21 33 9 87 93 32 99 64 78 13 31 72 98 15 57 56 7 40
TEST 32 ARG:68 22 58 55 49 76 29 10 0 91 34 19 74 77 38 62 36 67 85 69 81 37 11 4 2 25 24 43 48 97 41 3 44 89 54 65 14 73 16 95 71 42 80 39 92 75 84 96 47 30 27 35 61 83 45 20 1 59 26 79 5 6 53 8 63 52 17 90 50 51 94 12 46 82 66 70 23 86 28 18 88 60 21 33 9 87 93 32 99 64 78 13 31 72 98 15 57 56 7 40
TEST 33 ARG:58 49 22 8 93 12 73 82 61 38 6 31 21 71 44 86 94 13 52 20 32 96 43 98 67 0 80 14 74 34 51 4 85 84 65 72 1 66 88 48 16 89 39 27 47 17 90 62 69 2 15 95 37 42 87 60 3 40 79 75 36 18 19 23 25 78 63 26 68 59 50 45 76 7 33 92 55 29 70 46 83 54 35 56 91 64 5 81 97 10 99 53 77 11 9 24 30 28 57 41
TEST 33 ARG:58 49 22 8 93 12 73 82 61 38 6 31 21 71 44 86 94 13 52 20 32 96 43 98 67 0 80 14 74 34 51 4 85 84 65 72 1 66 88 48 16 89 39 27 47 17 90 62 69 2 15 95 37 42 87 60 3 40 79 75 36 18 19 23 25 78 63 26 68 59 50 45 76 7 33 92 55 29 70 46 83 54 35 56 91 64 5 81 97 10 99 53 77 11 9 24 30 28 57 41
TEST 34 ARG:73 12 58 55 6 57 28 3 61 44 26 86 63 65 14 93 51 40 20 27 35 21 88 56 81 18 92 45 34 90 46 11 53 16 77 29 49 1 37 30 38 8 52 7 22 13 54 17 80 70 71 78 62 97 9 5 60 33 98 47 41 32 24 83 0 43 76 68 72 67 50 59 99 91 74 94 95 25 85 79 42 4 75 66 64 19 84 31 96 39 69 23 82 15 2 48 87 10 89 36
TEST 34 ARG:73 12 58 55 6 57 28 3 61 44 26 86 63 65 14 93 51 40 20 27 35 21 88 56 81 18 92 45 34 90 46 11 53 16 77 29 49 1 37 30 38 8 52 7 22 13 54 17 80 70 71 78 62 97 9 5 60 33 98 47 41 32 24 83 0 43 76 68 72 67 50 59 99 91 74 94 95 25 85 79 42 4 75 66 64 19 84 31 96 39 69 23 82 15 2 48 87 10 89 36
TEST 35 ARG:54 3 51 6 57 84 23 73 81 99 55 28 8 5 16 96 30 75 38 98 69 7 26 2 62 52 35 82 76 21 87 60 64 12 43 94 29 48 46 50 53 44 89 0 61 58 10 18 22 79 4 49 66 85 65 93 33 72 20 13 78 88 37 47 31 90 42 41 1 39 97 45 24 74 77 40 59 32 9 91 19 14 83 27 17 80 36 25 11 92 34 56 71 67 95 70 68 15 86 63
TEST 35 ARG:54 3 51 6 57 84 23 73 81 99 55 28 8 5 16 96 30 75 38 98 69 7 26 2 62 52 35 82 76 21 87 60 64 12 43 94 29 48 46 50 53 44 89 0 61 58 10 18 22 79 4 49 66 85 65 93 33 72 20 13 78 88 37 47 31 90 42 41 1 39 97 45 24 74 77 40 59 32 9 91 19 14 83 27 17 80 36 25 11 92 34 56 71 67 95 70 68 15 86 63
TEST 36 ARG:15 27 77 98 33 65 72 11 22 2 42 14 54 89 53 93 96 28 91 76 49 43 87 46 17 6 18 75 59 80 29 5 90 60 50 35 97 58 36 25 4 84 21 10 83 13 81 3 73 19 39 85 24 1 26 0 62 94 70 45 30 56 44 34 7 95 67 57 66 63 64 8 20 40 38 9 41 47 82 31 52 88 68 55 12 23 78 86 32 71 99 69 16 92 51 79 61 37 74 48
TEST 36 ARG:15 27 77 98 33 65 72 11 22 2 42 14 54 89 53 93 96 28 91 76 49 43 87 46 17 6 18 75 59 80 29 5 90 60 50 35 97 58 36 25 4 84 21 10 83 13 81 3 73 19 39 85 24 1 26 0 62 94 70 45 30 56 44 34 7 95 67 57 66 63 64 8 20 40 38 9 41 47 82 31 52 88 68 55 12 23 78 86 32 71 99 69 16 92 51 79 61 37 74 48
TEST 37 ARG:9 81 3 28 13 67 31 18 50 42 54 95 0 63 15 71 99 66 16 65 75 45 25 41 27 87 89 34 93 84 96 88 85 43 92 4 38 53 69 94 56 40 14 5 48 12 57 78 2 80 52 8 98 1 74 73 68 64 29 90 62 26 36 59 6 60 17 51 35 82 23 19 33 76 55 32 20 58 10 37 77 70 91 49 47 46 22 44 30 97 39 79 11 86 24 21 72 61 83 7
TEST 37 ARG:9 81 3 28 13 67 31 18 50 42 54 95 0 63 15 71 99 66 16 65 75 45 25 41 27 87 89 34 93 84 96 88 85 43 92 4 38 53 69 94 56 40 14 5 48 12 57 78 2 80 52 8 98 1 74 73 68 64 29 90 62 26 36 59 6 60 17 51 35 82 23 19 33 76 55 32 20 58 10 37 77 70 91 49 47 46 22 44 30 97 39 79 11 86 24 21 72 61 83 7
TEST 38 ARG:69 62 20 56 19 46 72 29 53 13 7 40 51 3 65 88 31 92 1 81 96 87 61 67 47 10 4 32 22 66 16 73 37 58 71 24 63 21 26 36 23 6 15 90 30 70 83 18 89 14 8 75 99 27 59 25 60 39 94 28 76 64 78 0 84 5 55 42 97 48 35 17 98 93 38 11 77 79 52 2 44 45 12 43 9 54 50 33 85 74 86 57 80 82 91 95 34 41 68 49
TEST 38 ARG:69 62 20 56 19 46 72 29 53 13 7 40 51 3 65 88 31 92 1 81 96 87 61 67 47 10 4 32 22 66 16 73 37 58 71 24 63 21 26 36 23 6 15 90 30 70 83 18 89 14 8 75 99 27 59 25 60 39 94 28 76 64 78 0 84 5 55 42 97 48 35 17 98 93 38 11 77 79 52 2 44 45 12 43 9 54 50 33 85 74 86 57 80 82 91 95 34 41 68 49
TEST 39 ARG:88 6 9 44 78 64 22 41 93 53 92 69 84 43 77 29 94 27 58 17 34 59 36 74 39 90 16 98 3 49 68 37 12 57 0 60 23 79 65 25 42 5 10 14 89 86 7 32 15 66 56 99 76 35 81 87 82 70 51 95 45 91 8 63 30 18 85 11 96 52 26 33 97 72 38 50 4 75 2 1 54 19 71 67 13 31 55 47 21 73 80 83 61 20 24 28 46 62 48 40
TEST 39 ARG:88 6 9 44 78 64 22 41 93 53 92 69 84 43 77 29 94 27 58 17 34 59 36 74 39 90 16 98 3 49 68 37 12 57 0 60 23 79 65 25 42 5 10 14 89 86 7 32 15 66 56 99 76 35 81 87 82 70 51 95 45 91 8 63 30 18 85 11 96 52 26 33 97 72 38 50 4 75 2 1 54 19 71 67 13 31 55 47 21 73 80 83 61 20 24 28 46 62 48 40
TEST 40 ARG:67 94 84 0 75 54 62 79 20 58 66 80 83 76 52 25 5 21 14 46 68 72 91 17 81 13 64 43 77 11 15 7 12 28 35 10 39 16 93 3 87 96 47 27 63 65 42 89 33 18 41 38 9 36 53 44 8 19 69 78 50 32 88 1 98 57 37 45 30 40 51 4 59 82 86 95 34 2 31 55 49 60 48 24 26 74 92 22 97 85 6 61 99 56 90 70 71 23 29 73
TEST 40 ARG:67 94 84 0 75 54 62 79 20 58 66 80 83 76 52 25 5 21 14 46 68 72 91 17 81 13 64 43 77 11 15 7 12 28 35 10 39 16 93 3 87 96 47 27 63 65 42 89 33 18 41 38 9 36 53 44 8 19 69 78 50 32 88 1 98 57 37 45 30 40 51 4 59 82 86 95 34 2 31 55 49 60 48 24 26 74 92 22 97 85 6 61 99 56 90 70 71 23 29 73
TEST 41 ARG:0 72 56 57 40 30 80 19 46 42 95 63 86 21 47 76 88 64 58 79 54 75 53 70 50 26 20 68 41 92 62 97 55 17 10 59 78 22 84 25 11 98 12 5 74 34 96 45 83 43 7 33 93 14 65 82 71 39 69 51 24 66 29 77 73 35 67 90 81 2 9 36 15 1 23 49 4 48 8 91 18 38 13 85 28 3 52 44 89 16 32 61 60 27 6 94 99 31 37 87
TEST 41 ARG:0 72 56 57 40 30 80 19 46 42 95 63 86 21 47 76 88 64 58 79 54 75 53 70 50 26 20 68 41 92 62 97 55 17 10 59 78 22 84 25 11 98 12 5 74 34 96 45 83 43 7 33 93 14 65 82 71 39 69 51 24 66 29 77 73 35 67 90 81 2 9 36 15 1 23 49 4 48 8 91 18 38 13 85 28 3 52 44 89 16 32 61 60 27 6 94 99 31 37 87
TEST 42 ARG:24 87 99 5 73 93 4 43 33 89 11 62 22 74 42 6 14 56 92 55 58 28 34 91 83 75 68 94 52 16 19 45 36 41 0 60 63 48 21 79 13 90 7 32 67 86 66 59 1 44 78 69 64 98 10 17 82 40 25 23 97 54 88 30 37 20 12 53 85 35 8 39 29 46 50 38 80 15 3 65 57 95 51 9 70 18 61 26 84 81 72 96 71 47 2 49 76 27 77 31
TEST 42 ARG:24 87 99 5 73 93 4 43 33 89 11 62 22 74 42 6 14 56 92 55 58 28 34 91 83 75 68 94 52 16 19 45 36 41 0 60 63 48 21 79 13 90 7 32 67 86 66 59 1 44 78 69 64 98 10 17 82 40 25 23 97 54 88 30 37 20 12 53 85 35 8 39 29 46 50 38 80 15 3 65 57 95 51 9 70 18 61 26 84 81 72 96 71 47 2 49 76 27 77 31
TEST 43 ARG:34 18 13 44 96 19 27 83 62 60 71 63 73 43 75 91 37 45 92 2 80 29 88 56 31 6 28 46 52 72 20 38 59 78 15 81 49 90 8 0 85 1 17 65 3 64 21 25 77 79 5 99 97 33 24 42 35 48 58 84 22 89 66 26 98 23 7 55 11 57 32 87 86 68 51 30 61 39 50 94 93 74 76 4 16 14 69 41 82 47 40 12 67 54 53 10 36 70 9 95
TEST 43 ARG:34 18 13 44 96 19 27 83 62 60 71 63 73 43 75 91 37 45 92 2 80 29 88 56 31 6 28 46 52 72 20 38 59 78 15 81 49 90 8 0 85 1 17 65 3 64 21 25 77 79 5 99 97 33 24 42 35 48 58 84 22 89 66 26 98 23 7 55 11 57 32 87 86 68 51 30 61 39 50 94 93 74 76 4 16 14 69 41 82 47 40 12 67 54 53 10 36 70 9 95
TEST 44 ARG:91 33 47 70 15 0 69 51 83 73 34 13 44 68 42 21 27 5 52 37 19 24 43 12 53 41 92 62 38 98 55 80 81 89 36 49 78 95 23 45 31 30 56 54 10 94 99 25 35 64 72 60 50 86 85 75 17 65 18 28 87 90 57 39 71 40 66 59 97 1 11 3 96 76 2 14 79 8 88 6 67 22 61 9 46 16 93 20 63 32 7 48 26 82 58 74 29 77 84 4
TEST 44 ARG:91 33 47 70 15 0 69 51 83 73 34 13 44 68 42 21 27 5 52 37 19 24 43 12 53 41 92 62 38 98 55 80 81 89 36 49 78 95 23 45 31 30 56 54 10 94 99 25 35 64 72 60 50 86 85 75 17 65 18 28 87 90 57 39 71 40 66 59 97 1 11 3 96 76 2 14 79 8 88 6 67 22 61 9 46 16 93 20 63 32 7 48 26 82 58 74 29 77 84 4
TEST 45 ARG:34 49 60 8 37 91 59 30 22 92 68 21 57 82 47 63 89 36 41 61 44 99 48 43 53 72 77 85 86 23 32 14 35 1 38 20 24 6 78 87 54 11 64 96 76 17 26 65 40 83 71 18 75 12 84 88 25 66 13 69 52 27 50 42 94 93 31 67 56 7 98 10 51 4 5 73 15 29 28 70 39 33 62 97 16 3 81 95 2 45 58 55 46 80 90 79 19 74 9 0
TEST 45 ARG:34 49 60 8 37 91 59 30 22 92 68 21 57 82 47 63 89 36 41 61 44 99 48 43 53 72 77 85 86 23 32 14 35 1 38 20 24 6 78 87 54 11 64 96 76 17 26 65 40 83 71 18 75 12 84 88 25 66 13 69 52 27 50 42 94 93 31 67 56 7 98 10 51 4 5 73 15 29 28 70 39 33 62 97 16 3 81 95 2 45 58 55 46 80 90 79 19 74 9 0
TEST 46 ARG:32 73 0 8 72 94 99 80 77 20 46 2 67 93 66 24 82 30 52 11 5 42 19 43 21 63 58 36 70 15 96 97 41 37 87 88 6 14 74 64 79 53 22 45 95 18 38 1 10 4 65 29 62 34 26 90 48 3 81 69 16 27 12 17 75 7 40 68 31 54 89 85 84 98 23 44 60 83 56 39 78 50 59 35 57 91 33 55 76 92 49 28 86 47 13 61 51 9 71 25
TEST 46 ARG:32 73 0 8 72 94 99 80 77 20 46 2 67 93 66 24 82 30 52 11 5 42 19 43 21 63 58 36 70 15 96 97 41 37 87 88 6 14 74 64 79 53 22 45 95 18 38 1 10 4 65 29 62 34 26 90 48 3 81 69 16 27 12 17 75 7 40 68 31 54 89 85 84 98 23 44 60 83 56 39 78 50 59 35 57 91 33 55 76 92 49 28 86 47 13 61 51 9 71 25
TEST 47 ARG:55 91 60 83 85 88 86 84 97 76 98 3 22 94 77 70 16 68 66 29 27 19 8 78 28 64 57 44 39 69 23 6 53 54 61 7 41 75 0 24 45 42 35 92 99 12 5 59 81 93 13 17 63 79 46 18 11 50 36 21 1 4 9 49 96 95 58 65 62 43 30 74 40 52 32 37 67 87 15 48 82 73 25 56 34 33 90 14 51 26 38 20 10 80 2 47 71 31 89 72
TEST 47 ARG:55 91 60 83 85 88 86 84 97 76 98 3 22 94 77 70 16 68 66 29 27 19 8 78 28 64 57 44 39 69 23 6 53 54 61 7 41 75 0 24 45 42 35 92 99 12 5 59 81 93 13 17 63 79 46 18 11 50 36 21 1 4 9 49 96 95 58 65 62 43 30 74 40 52 32 37 67 87 15 48 82 73 25 56 34 33 90 14 51 26 38 20 10 80 2 47 71 31 89 72
TEST 48 ARG:56 40 13 47 62 43 11 94 8 84 78 71 39 81 73 15 74 14 57 30 52 79 22 96 48 59 53 87 29 41 18 72 95 31 9 35 17 46 16 51 4 85 12 10 90 36 67 97 54 91 33 83 21 70 89 63 37 24 45 69 6 77 49 0 93 86 20 26 27 5 64 50 28 82 23 1 34 55 58 65 19 68 75 2 88 98 92 76 32 44 38 80 60 7 66 99 61 3 25 42
TEST 48 ARG:56 40 13 47 62 43 11 94 8 84 78 71 39 81 73 15 74 14 57 30 52 79 22 96 48 59 53 87 29 41 18 72 95 31 9 35 17 46 16 51 4 85 12 10 90 36 67 97 54 91 33 83 21 70 89 63 37 24 45 69 6 77 49 0 93 86 20 26 27 5 64 50 28 82 23 1 34 55 58 65 19 68 75 2 88 98 92 76 32 44 38 80 60 7 66 99 61 3 25 42
TEST 49 ARG:43 36 41 51 87 50 72 8 94 67 92 32 71 62 42 57 63 73 40 76 66 61 12 58 11 45 75 52 25 68 89 23 60 83 98 99 29 4 28 69 70 22 6 5 44 65 17 64 3 54 14 86 39 21 13 33 38 97 82 10 55 16 80 79 48 2 47 49 96 31 26 34 59 9 30 35 15 0 95 24 74 27 19 37 88 78 18 81 93 7 90 91 20 46 85 84 77 1 56 53
TEST 49 ARG:43 36 41 51 87 50 72 8 94 67 92 32 71 62 42 57 63 73 40 76 66 61 12 58 11 45 75 52 25 68 89 23 60 83 98 99 29 4 28 69 70 22 6 5 44 65 17 64 3 54 14 86 39 21 13 33 38 97 82 10 55 16 80 79 48 2 47 49 96 31 26 34 59 9 30 35 15 0 95 24 74 27 19 37 88 78 18 81 93 7 90 91 20 46 85 84 77 1 56 53
TEST 50 ARG:82 12 5 80 50 96 47 81 46 40 69 97 3 79 88 90 65 43 33 55 54 71 60 26 57 48 19 58 51 99 64 24 91 0 6 7 18 44 9 8 49 72 13 15 25 89 27 85 32 14 78 41 38 66 73 39 52 63 23 94 92 45 75 11 28 35 10 74 84 4 67 59 86 30 36 17 70 61 87 16 98 93 20 21 53 31 29 22 1 95 37 56 34 62 42 83 77 76 2 68
TEST 50 ARG:82 12 5 80 50 96 47 81 46 40 69 97 3 79 88 90 65 43 33 55 54 71 60 26 57 48 19 58 51 99 64 24 91 0 6 7 18 44 9 8 49 72 13 15 25 89 27 85 32 14 78 41 38 66 73 39 52 63 23 94 92 45 75 11 28 35 10 74 84 4 67 59 86 30 36 17 70 61 87 16 98 93 20 21 53 31 29 22 1 95 37 56 34 62 42 83 77 76 2 68
TEST 51 ARG:22 87 80 25 56 79 37 70 7 82 29 1 52 72 15 39 31 38 89 41 78 27 36 57 86 75 45 98 46 4 94 62 21 53 76 13 43 8 60 90 16 18 23 65 32 68 0 5 92 3 61 59 44 71 97 84 9 55 6 28 99 64 50 51 69 54 19 33 20 42 14 85 96 24 49 10 67 66 91 35 93 88 48 12 47 81 26 83 95 74 40 73 17 11 30 77 63 2 58 34
TEST 51 ARG:22 87 80 25 56 79 37 70 7 82 29 1 52 72 15 39 31 38 89 41 78 27 36 57 86 75 45 98 46 4 94 62 21 53 76 13 43 8 60 90 16 18 23 65 32 68 0 5 92 3 61 59 44 71 97 84 9 55 6 28 99 64 50 51 69 54 19 33 20 42 14 85 96 24 49 10 67 66 91 35 93 88 48 12 47 81 26 83 95 74 40 73 17 11 30 77 63 2 58 34
TEST 52 ARG:10 46 85 63 25 44 49 86 94 71 1 89 62 42 29 79 32 51 45 36 40 97 39 72 93 38 90 19 58 56 69 41 68 61 82 21 81 2 52 47 11 0 59 7 60 27 80 15 4 65 57 50 23 18 20 6 17 35 28 3 43 34 96 67 30 75 84 37 98 33 83 14 73 9 99 74 8 16 13 22 66 24 5 64 88 12 55 78 26 54 92 48 31 76 95 87 53 77 91 70
TEST 52 ARG:10 46 85 63 25 44 49 86 94 71 1 89 62 42 29 79 32 51 45 36 40 97 39 72 93 38 90 19 58 56 69 41 68 61 82 21 81 2 52 47 11 0 59 7 60 27 80 15 4 65 57 50 23 18 20 6 17 35 28 3 43 34 96 67 30 75 84 37 98 33 83 14 73 9 99 74 8 16 13 22 66 24 5 64 88 12 55 78 26 54 92 48 31 76 95 87 53 77 91 70
TEST 53 ARG:93 1 4 83 67 76 43 59 54 16 95 29 58 5 3 52 18 30 42 2 86 81 90 94 65 61 25 84 68 31 11 32 82 92 77 53 55 21 17 50 49 9 27 20 66 71 26 78 63 46 6 75 10 80 41 8 12 23 28 45 87 0 85 70 72 96 48 38 99 47 56 69 62 64 36 79 44 15 13 91 39 60 57 35 40 98 74 22 97 33 89 34 7 51 14 37 19 24 73 88
TEST 53 ARG:93 1 4 83 67 76 43 59 54 16 95 29 58 5 3 52 18 30 42 2 86 81 90 94 65 61 25 84 68 31 11 32 82 92 77 53 55 21 17 50 49 9 27 20 66 71 26 78 63 46 6 75 10 80 41 8 12 23 28 45 87 0 85 70 72 96 48 38 99 47 56 69 62 64 36 79 44 15 13 91 39 60 57 35 40 98 74 22 97 33 89 34 7 51 14 37 19 24 73 88
TEST 54 ARG:2 0 39 27 66 53 42 59 81 72 12 50 1 73 40 93 31 5 64 47 13 94 68 45 91 58 18 55 67 7 21 34 79 97 62 48 96 20 84 52 51 71 11 25 61 46 49 22 17 57 26 92 14 16 85 89 98 23 86 80 43 36 28 30 88 3 10 63 78 29 56 82 4 8 32 37 76 24 60 44 90 54 87 38 74 6 65 70 19 15 35 33 75 83 77 95 99 69 9 41
TEST 54 ARG:2 0 39 27 66 53 42 59 81 72 12 50 1 73 40 93 31 5 64 47 13 94 68 45 91 58 18 55 67 7 21 34 79 97 62 48 96 20 84 52 51 71 11 25 61 46 49 22 17 57 26 92 14 16 85 89 98 23 86 80 43 36 28 30 88 3 10 63 78 29 56 82 4 8 32 37 76 24 60 44 90 54 87 38 74 6 65 70 19 15 35 33 75 83 77 95 99 69 9 41
TEST 55 ARG:93 4 18 50 46 40 19 55 78 67 97 23 83 79 12 99 58 27 65 90 42 38 87 73 32 30 14 91 62 69 35 43 53 94 81 74 49 77 54 96 88 68 25 7 80 76 98 6 44 16 22 60 59 95 37 9 89 47 57 33 29 15 41 86 10 0 92 61 66 13 52 70 28 1 26 20 85 63 36 45 71 21 75 82 39 11 56 31 5 8 24 64 17 34 72 48 2 51 3 84
TEST 55 ARG:93 4 18 50 46 40 19 55 78 67 97 23 83 79 12 99 58 27 65 90 42 38 87 73 32 30 14 91 62 69 35 43 53 94 81 74 49 77 54 96 88 68 25 7 80 76 98 6 44 16 22 60 59 95 37 9 89 47 57 33 29 15 41 86 10 0 92 61 66 13 52 70 28 1 26 20 85 63 36 45 71 21 75 82 39 11 56 31 5 8 24 64 17 34 72 48 2 51 3 84
TEST 56 ARG:65 26 1 60 16 91 3 41 51 89 98 80 52 47 11 66 18 74 86 56 10 63 35 67 72 21 46 93 27 88 59 43 79 71 57 75 96 29 64 7 99 13 61 62 15 53 5 95 25 14 12 50 69 84 54 42 33 77 76 90 68 19 17 30 4 23 9 0 8 48 49 45 38 87 2 36 32 82 55 37 22 20 81 31 92 24 94 73 97 6 44 34 70 85 40 58 78 28 39 83
TEST 56 ARG:65 26 1 60 16 91 3 41 51 89 98 80 52 47 11 66 18 74 86 56 10 63 35 67 72 21 46 93 27 88 59 43 79 71 57 75 96 29 64 7 99 13 61 62 15 53 5 95 25 14 12 50 69 84 54 42 33 77 76 90 68 19 17 30 4 23 9 0 8 48 49 45 38 87 2 36 32 82 55 37 22 20 81 31 92 24 94 73 97 6 44 34 70 85 40 58 78 28 39 83
TEST 57 ARG:25 26 96 64 93 28 44 13 49 59 61 34 11 46 83 23 89 69 92 31 55 8 60 90 81 73 70 67 39 91 54 82 94 97 41 24 58 45 6 32 20 1 78 3 47 77 99 36 50 10 4 72 68 48 42 16 19 51 22 33 71 87 86 74 2 52 7 84 75 88 12 38 76 15 43 66 18 53 17 80 65 0 9 21 79 35 63 95 85 29 14 30 5 27 98 57 62 37 56 40
TEST 57 ARG:25 26 96 64 93 28 44 13 49 59 61 34 11 46 83 23 89 69 92 31 55 8 60 90 81 73 70 67 39 91 54 82 94 97 41 24 58 45 6 32 20 1 78 3 47 77 99 36 50 10 4 72 68 48 42 16 19 51 22 33 71 87 86 74 2 52 7 84 75 88 12 38 76 15 43 66 18 53 17 80 65 0 9 21 79 35 63 95 85 29 14 30 5 27 98 57 62 37 56 40
TEST 58 ARG:0 34 92 1 5 78 17 65 29 53 28 10 37 46 97 99 98 69 40 27 26 95 76 71 15 18 54 30 58 19 12 93 38 81 77 66 44 8 20 51 33 67 86 39 4 57 35 68 48 64 36 9 47 88 42 24 25 55 83 62 63 13 3 74 56 31 73 85 89 41 80 43 23 49 70 96 94 84 32 91 21 82 52 59 16 90 72 60 75 2 87 6 45 22 11 79 61 50 7 14
TEST 58 ARG:0 34 92 1 5 78 17 65 29 53 28 10 37 46 97 99 98 69 40 27 26 95 76 71 15 18 54 30 58 19 12 93 38 81 77 66 44 8 20 51 33 67 86 39 4 57 35 68 48 64 36 9 47 88 42 24 25 55 83 62 63 13 3 74 56 31 73 85 89 41 80 43 23 49 70 96 94 84 32 91 21 82 52 59 16 90 72 60 75 2 87 6 45 22 11 79 61 50 7 14
